---------- Pronoun data for ../Dataset/2013.txt ----------

Amount of 'ik': 247
Amount of 'mij': 23
Amount of 'mijn': 26
Amount of 'me': 73
Overall amount of first person pronouns: 369

Lines containing 'ik': {513, 516, 523, 527, 16, 21, 24, 26, 541, 542, 31, 32, 543, 544, 35, 547, 551, 557, 48, 560, 562, 55, 571, 572, 63, 575, 66, 70, 583, 74, 75, 586, 589, 79, 82, 595, 86, 602, 92, 93, 604, 95, 98, 99, 100, 101, 102, 610, 615, 109, 118, 123, 636, 642, 645, 651, 655, 144, 659, 660, 663, 665, 667, 157, 159, 671, 673, 675, 164, 678, 679, 683, 685, 689, 690, 692, 182, 695, 697, 701, 707, 710, 205, 717, 207, 210, 211, 722, 214, 217, 729, 219, 730, 221, 734, 225, 228, 229, 745, 240, 243, 756, 758, 760, 761, 251, 252, 259, 261, 266, 778, 273, 274, 786, 276, 283, 285, 286, 287, 289, 290, 291, 801, 803, 295, 811, 302, 815, 819, 309, 824, 831, 320, 321, 840, 330, 332, 333, 337, 338, 342, 854, 862, 352, 356, 871, 361, 873, 363, 877, 369, 881, 373, 376, 377, 889, 900, 389, 391, 903, 907, 407, 410, 411, 924, 926, 418, 932, 428, 431, 432, 945, 946, 948, 441, 445, 446, 962, 965, 456, 461, 975, 976, 465, 978, 468, 470, 986, 475, 987, 989, 480, 481, 995, 996, 485, 486, 998, 488, 490, 493, 496, 499, 500, 504}

Lines containing 'mij': {512, 513, 260, 903, 655, 657, 914, 406, 665, 929, 298, 58, 827, 828, 197, 989, 990, 247, 248, 890, 891, 383}

Lines containing 'mijn': {134, 137, 140, 399, 19, 537, 937, 554, 302, 579, 707, 69, 717, 79, 593, 85, 92, 98, 101, 229, 357, 490, 496, 756, 374, 378}

Lines containing 'me': {769, 258, 259, 643, 519, 264, 775, 16, 272, 786, 404, 661, 788, 408, 665, 667, 158, 673, 290, 163, 547, 549, 677, 551, 424, 938, 301, 429, 686, 813, 817, 180, 694, 952, 443, 444, 703, 706, 840, 75, 844, 206, 974, 208, 337, 977, 211, 341, 342, 469, 727, 219, 479, 352, 481, 608, 612, 616, 361, 490, 886, 503, 760, 506, 507, 892, 637, 890, 763}

Overall amount of pronouns: 729
Overall amount of tokens: 10419
Percentage of pronouns in tokens: 6.996832709473077

---------- Pronoun data for ../Dataset/2014.txt ----------

Amount of 'ik': 224
Amount of 'mij': 21
Amount of 'mijn': 37
Amount of 'me': 31
Overall amount of first person pronouns: 313

Lines containing 'ik': {4, 520, 10, 12, 13, 525, 531, 26, 538, 541, 543, 34, 548, 37, 549, 550, 41, 50, 52, 565, 54, 566, 568, 57, 58, 59, 576, 66, 581, 70, 582, 74, 76, 77, 589, 79, 593, 602, 603, 606, 99, 100, 612, 102, 619, 114, 117, 629, 634, 635, 636, 125, 638, 128, 642, 133, 136, 651, 142, 654, 145, 658, 663, 152, 667, 162, 165, 176, 179, 693, 183, 186, 699, 700, 703, 717, 719, 208, 213, 725, 727, 217, 730, 221, 226, 741, 230, 231, 745, 234, 235, 746, 754, 245, 250, 257, 263, 264, 776, 267, 268, 779, 787, 292, 804, 808, 811, 301, 814, 815, 817, 820, 821, 310, 824, 316, 831, 321, 834, 323, 836, 329, 842, 332, 334, 338, 850, 340, 853, 857, 346, 859, 350, 868, 870, 872, 361, 877, 367, 373, 374, 376, 889, 894, 896, 385, 898, 900, 389, 902, 907, 908, 397, 912, 402, 408, 410, 924, 417, 929, 422, 426, 940, 942, 943, 946, 435, 949, 441, 445, 959, 452, 464, 976, 466, 978, 470, 472, 473, 474, 990, 482, 994, 485, 997, 491, 493}

Lines containing 'mij': {779, 529, 23, 541, 310, 186, 317, 446, 79, 338, 853, 346, 858, 353, 994, 869, 997, 878, 750, 368, 754}

Lines containing 'mijn': {5, 645, 13, 526, 655, 16, 912, 275, 659, 663, 791, 667, 417, 807, 808, 300, 824, 196, 453, 202, 76, 205, 974, 597, 598, 725, 859, 990, 993, 868, 230, 106, 499, 378, 637, 639}

Lines containing 'me': {900, 134, 661, 152, 924, 806, 426, 568, 832, 709, 460, 333, 208, 720, 850, 595, 978, 475, 993, 995, 869, 872, 361, 363, 240, 377, 126, 763, 382}

Overall amount of pronouns: 685
Overall amount of tokens: 11395
Percentage of pronouns in tokens: 6.011408512505485

---------- Pronoun data for ../Dataset/2015.txt ----------

Amount of 'ik': 160
Amount of 'mij': 15
Amount of 'mijn': 28
Amount of 'me': 31
Overall amount of first person pronouns: 234

Lines containing 'ik': {514, 515, 518, 10, 527, 17, 21, 537, 542, 36, 549, 39, 551, 42, 554, 562, 565, 567, 568, 579, 580, 585, 589, 595, 598, 88, 600, 602, 604, 97, 99, 614, 615, 616, 111, 627, 631, 121, 640, 644, 652, 667, 158, 671, 677, 167, 681, 177, 183, 187, 703, 712, 719, 208, 210, 219, 733, 739, 743, 232, 233, 234, 757, 246, 766, 768, 261, 774, 777, 787, 794, 795, 286, 288, 291, 808, 809, 299, 303, 304, 816, 818, 310, 318, 319, 832, 325, 326, 841, 334, 339, 854, 343, 346, 349, 351, 356, 871, 372, 887, 379, 380, 388, 900, 903, 392, 400, 916, 405, 406, 408, 409, 417, 930, 935, 428, 434, 947, 951, 448, 961, 452, 453, 454, 976, 470, 476, 484, 997, 1000, 490, 501, 508}

Lines containing 'mij': {576, 193, 930, 868, 517, 935, 296, 234, 300, 465, 562, 372, 756, 988}

Lines containing 'mijn': {640, 130, 537, 158, 548, 807, 809, 561, 948, 951, 190, 319, 453, 841, 208, 473, 479, 611, 614, 615, 999, 489, 368, 369, 755, 246, 121}

Lines containing 'me': {520, 17, 786, 789, 537, 797, 930, 551, 183, 699, 315, 705, 837, 584, 842, 974, 339, 87, 600, 349, 869, 106, 234, 618, 887, 496, 372, 757, 631}

Overall amount of pronouns: 639
Overall amount of tokens: 12499
Percentage of pronouns in tokens: 5.112408992719417

---------- Pronoun data for ../Dataset/2016.txt ----------

Amount of 'ik': 134
Amount of 'mij': 8
Amount of 'mijn': 22
Amount of 'me': 10
Overall amount of first person pronouns: 174

Lines containing 'ik': {518, 530, 23, 540, 31, 33, 548, 555, 45, 557, 47, 560, 51, 52, 57, 569, 59, 574, 63, 578, 72, 76, 594, 86, 603, 619, 109, 623, 628, 634, 122, 640, 131, 644, 140, 656, 151, 153, 154, 158, 671, 163, 681, 686, 687, 691, 181, 198, 201, 717, 206, 207, 733, 736, 737, 236, 242, 246, 247, 249, 250, 256, 768, 769, 772, 273, 274, 275, 785, 789, 284, 285, 800, 802, 804, 300, 821, 827, 829, 328, 842, 347, 869, 870, 873, 881, 888, 891, 893, 895, 385, 902, 912, 407, 919, 920, 921, 415, 416, 927, 418, 435, 436, 950, 439, 951, 441, 445, 453, 455, 976, 468, 981, 982, 473, 479, 992, 993, 996, 488, 491}

Lines containing 'mij': {198, 935, 619, 12, 372, 439, 571, 671}

Lines containing 'mijn': {129, 3, 144, 275, 282, 154, 543, 546, 171, 558, 432, 952, 196, 970, 720, 724, 599, 993, 231, 372, 634}

Lines containing 'me': {160, 613, 38, 458, 596, 725, 152, 26, 891, 574}

Overall amount of pronouns: 536
Overall amount of tokens: 12199
Percentage of pronouns in tokens: 4.393802770718912

---------- Pronoun data for ../Dataset/2017.txt ----------

Amount of 'ik': 217
Amount of 'mij': 18
Amount of 'mijn': 36
Amount of 'me': 24
Overall amount of first person pronouns: 295

Lines containing 'ik': {513, 515, 520, 13, 529, 537, 29, 541, 544, 548, 549, 40, 556, 557, 563, 63, 579, 583, 585, 589, 594, 83, 90, 602, 93, 605, 101, 102, 104, 619, 620, 623, 627, 117, 630, 120, 122, 124, 131, 645, 648, 145, 659, 662, 151, 152, 663, 155, 669, 163, 679, 684, 685, 686, 687, 688, 694, 184, 698, 705, 194, 196, 710, 201, 714, 207, 720, 209, 210, 212, 215, 217, 731, 226, 740, 741, 234, 235, 747, 237, 238, 751, 240, 243, 244, 758, 250, 251, 771, 773, 780, 782, 272, 785, 274, 788, 790, 791, 281, 793, 795, 798, 799, 291, 804, 806, 299, 812, 301, 302, 814, 819, 308, 310, 824, 316, 332, 336, 856, 348, 351, 352, 867, 360, 878, 368, 881, 887, 894, 895, 385, 386, 897, 391, 906, 398, 911, 913, 404, 407, 408, 409, 412, 414, 929, 418, 931, 423, 424, 944, 434, 435, 948, 437, 442, 956, 957, 958, 449, 961, 964, 967, 458, 971, 972, 976, 978, 467, 988, 479, 481, 489, 490, 498, 502, 503, 507}

Lines containing 'mij': {163, 549, 806, 966, 811, 780, 814, 687, 240, 688, 210, 83, 434, 530, 816, 184}

Lines containing 'mijn': {640, 771, 8, 392, 906, 907, 142, 275, 788, 278, 162, 418, 292, 676, 803, 812, 685, 558, 686, 817, 308, 694, 192, 328, 971, 333, 209, 492, 114, 242, 498, 502, 511}

Lines containing 'me': {513, 899, 644, 520, 265, 523, 671, 418, 557, 688, 956, 703, 448, 201, 587, 461, 589, 984, 986, 356, 358, 235, 503}

Overall amount of pronouns: 711
Overall amount of tokens: 12634
Percentage of pronouns in tokens: 5.62767136298876

---------- Pronoun data for ../Dataset/2018.txt ----------

Amount of 'ik': 243
Amount of 'mij': 23
Amount of 'mijn': 34
Amount of 'me': 28
Overall amount of first person pronouns: 328

Lines containing 'ik': {4, 5, 6, 8, 13, 526, 528, 529, 18, 531, 22, 536, 537, 541, 31, 39, 558, 49, 561, 563, 52, 571, 60, 70, 72, 586, 78, 80, 81, 592, 84, 600, 91, 95, 96, 609, 99, 101, 102, 615, 617, 619, 109, 111, 115, 627, 118, 634, 636, 646, 137, 650, 142, 658, 663, 666, 159, 165, 166, 681, 685, 689, 695, 184, 185, 186, 696, 700, 703, 192, 707, 708, 199, 200, 714, 205, 209, 728, 729, 734, 223, 227, 228, 229, 741, 231, 232, 743, 746, 238, 755, 757, 253, 769, 770, 261, 263, 775, 776, 778, 269, 781, 784, 277, 790, 279, 792, 794, 797, 798, 799, 804, 805, 809, 814, 817, 306, 311, 826, 827, 832, 323, 837, 840, 331, 848, 850, 851, 340, 853, 855, 862, 864, 866, 868, 872, 363, 365, 878, 373, 885, 887, 889, 382, 894, 385, 906, 396, 400, 914, 916, 919, 409, 410, 411, 926, 420, 936, 940, 429, 941, 945, 946, 949, 439, 954, 444, 447, 963, 461, 463, 464, 467, 470, 471, 476, 480, 482, 997, 504, 505}

Lines containing 'mij': {513, 7, 13, 148, 21, 916, 536, 938, 171, 946, 692, 310, 185, 192, 70, 330, 979, 475, 96, 99, 746, 249, 634}

Lines containing 'mijn': {384, 775, 784, 529, 914, 534, 797, 799, 160, 932, 551, 558, 821, 447, 839, 714, 331, 459, 345, 861, 864, 229, 741, 615, 743, 489, 234, 364, 627, 634, 636, 253}

Lines containing 'me': {131, 389, 395, 12, 788, 410, 794, 796, 413, 670, 671, 561, 308, 954, 323, 707, 837, 205, 80, 850, 729, 619, 365, 627, 894}

Overall amount of pronouns: 877
Overall amount of tokens: 17378
Percentage of pronouns in tokens: 5.046610657152722

---------- Pronoun data for ../Dataset/2019.txt ----------

Amount of 'ik': 253
Amount of 'mij': 31
Amount of 'mijn': 48
Amount of 'me': 18
Overall amount of first person pronouns: 350

Lines containing 'ik': {512, 514, 3, 4, 5, 9, 10, 12, 525, 16, 528, 20, 22, 35, 36, 549, 44, 557, 560, 569, 570, 573, 574, 585, 74, 586, 79, 591, 599, 602, 607, 98, 612, 613, 103, 616, 107, 110, 112, 113, 625, 115, 628, 633, 122, 637, 638, 641, 133, 646, 136, 648, 656, 657, 147, 149, 661, 662, 664, 153, 668, 157, 670, 159, 161, 165, 166, 679, 682, 173, 174, 687, 176, 689, 178, 694, 183, 184, 697, 187, 189, 703, 705, 198, 714, 715, 729, 733, 223, 738, 739, 229, 743, 236, 752, 753, 243, 246, 249, 253, 768, 769, 779, 268, 269, 784, 280, 287, 290, 291, 808, 297, 810, 299, 300, 301, 814, 308, 310, 311, 827, 318, 324, 325, 845, 336, 848, 338, 850, 340, 341, 343, 344, 346, 347, 858, 352, 864, 355, 867, 871, 872, 880, 884, 373, 886, 377, 890, 897, 898, 388, 900, 391, 903, 909, 400, 401, 403, 404, 916, 408, 412, 926, 426, 427, 939, 436, 438, 951, 446, 450, 461, 973, 977, 467, 470, 471, 983, 993, 491, 493, 496, 497, 499}

Lines containing 'mij': {3, 643, 133, 13, 143, 273, 787, 149, 407, 408, 284, 804, 166, 432, 433, 560, 181, 951, 185, 59, 323, 581, 461, 850, 867, 872, 746, 113, 628, 766}

Lines containing 'mijn': {769, 897, 387, 4, 648, 141, 400, 147, 535, 412, 286, 162, 290, 549, 38, 166, 294, 299, 173, 689, 817, 179, 311, 951, 826, 65, 323, 324, 325, 579, 455, 201, 714, 471, 97, 739, 107, 491, 625, 377}

Lines containing 'me': {1, 739, 903, 574, 268, 830, 848, 274, 499, 246, 599, 664, 347, 412, 414}

Overall amount of pronouns: 1030
Overall amount of tokens: 19721
Percentage of pronouns in tokens: 5.222858881395466

---------- Pronoun data for ../Dataset/2020.txt ----------

Amount of 'ik': 269
Amount of 'mij': 30
Amount of 'mijn': 53
Amount of 'me': 17
Overall amount of first person pronouns: 369

Lines containing 'ik': {2, 515, 5, 11, 13, 525, 15, 528, 20, 21, 23, 24, 25, 537, 30, 542, 32, 33, 34, 548, 550, 551, 50, 56, 59, 571, 61, 65, 68, 580, 70, 77, 78, 591, 82, 597, 89, 604, 95, 607, 97, 609, 102, 614, 617, 619, 621, 111, 113, 628, 122, 124, 636, 639, 136, 138, 139, 141, 653, 148, 149, 662, 153, 157, 158, 671, 672, 674, 678, 167, 169, 681, 684, 174, 686, 687, 181, 182, 693, 185, 698, 187, 704, 194, 195, 708, 711, 209, 724, 230, 742, 744, 233, 745, 749, 751, 242, 755, 756, 757, 763, 252, 773, 776, 268, 270, 272, 785, 787, 788, 791, 792, 793, 282, 796, 798, 287, 290, 803, 804, 806, 298, 299, 812, 303, 815, 305, 817, 825, 317, 319, 831, 833, 324, 328, 329, 331, 335, 341, 861, 350, 862, 869, 871, 875, 367, 369, 370, 891, 385, 897, 898, 388, 900, 904, 393, 905, 906, 908, 397, 915, 916, 405, 407, 919, 921, 922, 925, 414, 415, 935, 430, 942, 432, 433, 946, 436, 437, 949, 950, 445, 446, 958, 960, 961, 964, 970, 972, 466, 984, 474, 992, 996, 485, 489, 492, 493, 502, 508, 511}

Lines containing 'mij': {515, 778, 651, 400, 787, 21, 919, 32, 802, 932, 807, 938, 304, 563, 186, 317, 574, 575, 323, 68, 456, 968, 205, 336, 599, 479, 611, 101, 485, 369}

Lines containing 'mijn': {1, 262, 646, 268, 524, 402, 662, 667, 926, 31, 288, 674, 803, 806, 681, 812, 942, 303, 559, 435, 437, 182, 310, 693, 699, 955, 958, 319, 324, 580, 711, 331, 336, 984, 89, 97, 353, 235, 619, 493, 747, 114, 243, 757, 639}

Lines containing 'me': {288, 289, 353, 259, 99, 738, 742, 263, 800, 489, 397, 525, 177, 662, 282, 891, 124}

Overall amount of pronouns: 972
Overall amount of tokens: 20292
Percentage of pronouns in tokens: 4.790065050266114

---------- Pronoun data for ../Dataset/2021.txt ----------

Amount of 'ik': 260
Amount of 'mij': 15
Amount of 'mijn': 53
Amount of 'me': 16
Overall amount of first person pronouns: 344

Lines containing 'ik': {512, 6, 523, 16, 530, 22, 536, 537, 538, 29, 30, 541, 32, 546, 40, 552, 554, 45, 48, 49, 562, 563, 54, 55, 58, 571, 64, 578, 68, 75, 76, 589, 78, 590, 81, 83, 84, 596, 604, 93, 99, 612, 616, 107, 112, 114, 626, 122, 637, 640, 134, 648, 137, 650, 651, 140, 656, 661, 662, 666, 155, 156, 675, 681, 170, 682, 173, 691, 180, 186, 187, 190, 703, 704, 705, 194, 195, 198, 200, 718, 720, 730, 734, 735, 737, 227, 741, 744, 233, 239, 243, 244, 249, 254, 256, 260, 773, 774, 263, 778, 274, 786, 787, 280, 795, 800, 293, 294, 295, 298, 299, 813, 819, 308, 832, 837, 327, 839, 329, 334, 336, 848, 338, 852, 860, 349, 862, 355, 867, 872, 365, 878, 368, 371, 883, 378, 890, 891, 381, 892, 383, 384, 893, 894, 895, 896, 898, 899, 900, 903, 905, 394, 398, 399, 400, 912, 402, 403, 915, 406, 919, 415, 417, 418, 930, 420, 932, 431, 943, 944, 437, 959, 449, 965, 966, 971, 462, 465, 467, 979, 471, 984, 985, 989, 996, 486, 1000, 492, 493, 497, 498, 502}

Lines containing 'mij': {420, 615, 616, 746, 939, 45, 16, 400, 50, 83, 567, 444, 348, 351}

Lines containing 'mijn': {256, 384, 900, 133, 774, 10, 650, 778, 141, 399, 400, 529, 656, 912, 29, 673, 805, 295, 554, 684, 431, 562, 819, 52, 823, 956, 64, 578, 327, 711, 971, 338, 467, 355, 996, 741, 487, 872, 233, 874, 235, 878, 239, 625, 249}

Lines containing 'me': {996, 200, 744, 892, 1000, 140, 462, 431, 80, 848, 626, 943, 596, 537, 700, 766}

Overall amount of pronouns: 950
Overall amount of tokens: 18651
Percentage of pronouns in tokens: 5.093560666988365

---------- Pronoun data for ../Dataset/2022.txt ----------

Amount of 'ik': 224
Amount of 'mij': 30
Amount of 'mijn': 47
Amount of 'me': 17
Overall amount of first person pronouns: 318

Lines containing 'ik': {1, 4, 5, 517, 7, 8, 11, 526, 530, 19, 531, 534, 537, 547, 549, 45, 560, 564, 56, 57, 62, 575, 581, 583, 585, 586, 588, 79, 82, 83, 598, 87, 600, 92, 97, 613, 104, 618, 108, 115, 628, 629, 118, 119, 120, 631, 632, 636, 637, 130, 132, 650, 139, 140, 655, 145, 660, 149, 664, 153, 666, 667, 668, 158, 160, 672, 166, 167, 170, 682, 686, 175, 177, 179, 186, 187, 190, 194, 707, 197, 198, 202, 204, 720, 210, 724, 216, 221, 222, 223, 224, 741, 232, 240, 756, 757, 253, 767, 257, 268, 269, 270, 271, 788, 792, 798, 800, 290, 803, 292, 804, 297, 303, 305, 831, 326, 327, 328, 329, 844, 333, 847, 853, 856, 857, 860, 351, 863, 867, 868, 359, 365, 880, 371, 885, 890, 379, 891, 892, 385, 386, 899, 388, 906, 402, 405, 917, 919, 921, 410, 411, 927, 933, 936, 944, 946, 438, 441, 442, 958, 449, 963, 452, 965, 966, 455, 969, 972, 463, 975, 471, 472, 985, 474, 479, 480, 481, 993, 483, 488, 493, 494, 501, 503, 504, 506, 508}

Lines containing 'mij': {132, 140, 524, 19, 788, 288, 290, 36, 805, 167, 297, 51, 179, 438, 696, 443, 827, 323, 198, 588, 972, 337, 860, 93, 741, 118, 377, 893, 767}

Lines containing 'mijn': {514, 8, 653, 660, 917, 919, 537, 410, 921, 284, 285, 547, 292, 167, 423, 430, 303, 179, 820, 439, 440, 442, 443, 955, 194, 965, 211, 853, 856, 474, 860, 222, 224, 101, 488, 365, 621, 371, 756, 118, 631, 508}

Lines containing 'me': {160, 322, 868, 618, 363, 651, 810, 494, 432, 145, 784, 211, 916, 662, 407, 158}

Overall amount of pronouns: 1051
Overall amount of tokens: 19709
Percentage of pronouns in tokens: 5.332589172459282

---------- Pronoun data for ../Dataset/2023.txt ----------

Amount of 'ik': 222
Amount of 'mij': 25
Amount of 'mijn': 41
Amount of 'me': 18
Overall amount of first person pronouns: 306

Lines containing 'ik': {1, 5, 6, 518, 12, 14, 530, 21, 23, 537, 29, 541, 545, 37, 38, 552, 41, 556, 557, 563, 565, 62, 63, 576, 71, 585, 587, 588, 589, 591, 85, 86, 611, 103, 619, 108, 114, 632, 649, 655, 659, 660, 664, 666, 668, 670, 672, 165, 678, 167, 683, 174, 185, 700, 190, 192, 705, 194, 195, 199, 202, 718, 208, 721, 722, 726, 218, 733, 225, 739, 743, 744, 233, 747, 749, 753, 759, 251, 254, 256, 769, 772, 266, 267, 270, 271, 282, 285, 797, 293, 294, 806, 296, 808, 810, 817, 307, 308, 309, 819, 821, 312, 829, 832, 321, 833, 834, 841, 336, 849, 853, 855, 344, 346, 860, 351, 864, 870, 871, 360, 873, 364, 878, 367, 368, 879, 880, 883, 374, 375, 889, 380, 384, 896, 898, 387, 899, 904, 394, 906, 918, 923, 412, 413, 415, 929, 428, 942, 437, 954, 955, 960, 449, 962, 455, 458, 460, 463, 464, 465, 471, 989, 991, 481, 993, 486, 487, 495, 498, 502, 506, 509}

Lines containing 'mij': {395, 268, 781, 530, 918, 664, 28, 158, 415, 37, 181, 54, 826, 833, 333, 857, 986, 225, 743, 361, 747, 109, 110, 374, 886}

Lines containing 'mijn': {769, 903, 649, 778, 652, 13, 398, 783, 21, 412, 797, 158, 930, 38, 934, 683, 50, 947, 821, 61, 321, 196, 587, 341, 344, 351, 864, 98, 741, 870, 103, 360, 239, 369, 114, 626, 375, 251, 892}

Lines containing 'me': {672, 642, 962, 325, 359, 460, 781, 144, 464, 307, 666, 21, 405, 437, 634, 346, 284, 287}

Overall amount of pronouns: 1058
Overall amount of tokens: 20064
Percentage of pronouns in tokens: 5.273125996810207

